(0 8)
(0 9)
(0 4)
(0 1)
(0 3)
(0 11)
(1 3)
(1 0)
(1 4)
(1 2)
(2 5)
(2 6)
(2 3)
(2 1)
(2 4)
(2 9)
(3 1)
(3 2)
(3 6)
(3 10)
(3 8)
(3 11)
(3 0)
(4 0)
(4 9)
(4 2)
(4 1)
(5 6)
(5 2)
(5 9)
(6 10)
(6 3)
(6 2)
(6 5)
(6 9)
(6 7)
(7 6)
(7 9)
(7 8)
(7 10)
(8 11)
(8 3)
(8 10)
(8 7)
(8 9)
(8 0)
(9 8)
(9 7)
(9 6)
(9 5)
(9 2)
(9 4)
(9 0)
(10 8)
(10 3)
(10 6)
(10 7)
(11 0)
(11 3)
(11 8)


(0 5)
(0 10)
(0 2)
(1 10)
(1 5)
(1 8)
(1 6)
(1 11)
(2 7)
(2 0)
(2 10)
(3 5)
(3 7)
(4 6)
(4 8)
(4 5)
(4 3)
(4 7)
(5 3)
(5 4)
(5 8)
(5 1)
(5 10)
(5 0)
(6 11)
(6 1)
(6 8)
(7 0)
(7 2)
(7 11)
(7 4)
(7 3)
(8 1)
(8 5)
(8 4)
(9 1)
(9 11)
(10 1)
(10 9)
(10 11)
(10 2)
(10 0)
(11 10)
(11 9)
(11 1)
(11 6)
(11 4)
(11 7)
(11 2)