
('a', 0, 0, 3), ('a', 0, 1, 4), ('a', 0, 2, 7), ('a', 0, 3, 5), 
('a', 0, 4, 9), ('a', 0, 5, 11), ('a', 0, 6, 2), ('a', 0, 7, 10), 
('a', 0, 8, 6), ('a', 0, 9, 8), ('a', 1, 0, 3), ('a', 1, 1, 9), 
('a', 1, 2, 11), ('a', 1, 3, 5), ('a', 1, 4, 7), ('a', 1, 5, 2), 
('a', 1, 6, 8), ('a', 1, 7, 10), ('a', 1, 8, 4), ('a', 1, 9, 6), 
('a', 2, 0, 1), ('a', 2, 1, 6), ('a', 2, 2, 5), ('a', 2, 3, 10), 
('a', 2, 4, 0), ('a', 2, 5, 4), ('a', 2, 6, 8), ('a', 2, 7, 9), 
('a', 2, 8, 11), ('a', 2, 9, 7), ('a', 3, 0, 0), ('a', 3, 1, 7), 
('a', 3, 2, 8), ('a', 3, 3, 5), ('a', 3, 4, 9), ('a', 3, 5, 1), 
('a', 3, 6, 10), ('a', 3, 7, 4), ('a', 3, 8, 11), ('a', 3, 9, 6), 
('a', 4, 0, 6), ('a', 4, 1, 9), ('a', 4, 2, 10), ('a', 4, 3, 7), 
('a', 4, 4, 11), ('a', 4, 5, 3), ('a', 4, 6, 2), ('a', 4, 7, 0), 
('a', 4, 8, 8), ('a', 4, 9, 1), ('a', 5, 0, 2), ('a', 5, 1, 6),
('a', 5, 2, 10), ('a', 5, 3, 9), ('a', 5, 4, 0), ('a', 5, 5, 7), 
('a', 5, 6, 1), ('a', 5, 7, 3), ('a', 5, 8, 8), ('a', 5, 9, 11), 
('a', 6, 0, 0), ('a', 6, 1, 11), ('a', 6, 2, 8), ('a', 6, 3, 10), 
('a', 6, 4, 5), ('a', 6, 5, 2), ('a', 6, 6, 9), ('a', 6, 7, 1), 
('a', 6, 8, 4), ('a', 6, 9, 3), ('a', 7, 0, 8), ('a', 7, 1, 3), 
('a', 7, 2, 1), ('a', 7, 3, 5), ('a', 7, 4, 0), ('a', 7, 5, 4), 
('a', 7, 6, 10), ('a', 7, 7, 2), ('a', 7, 8, 11), ('a', 7, 9, 9),
('a', 8, 0, 3), ('a', 8, 1, 7), ('a', 8, 2, 10), ('a', 8, 3, 2), 
('a', 8, 4, 11), ('a', 8, 5, 5), ('a', 8, 6, 4), ('a', 8, 7, 0), 
('a', 8, 8, 6), ('a', 8, 9, 1), ('a', 9, 0, 1), ('a', 9, 1, 3), 
('a', 9, 2, 0), ('a', 9, 3, 5), ('a', 9, 4, 11), ('a', 9, 5, 4), 
('a', 9, 6, 6), ('a', 9, 7, 2), ('a', 9, 8, 7), ('a', 9, 9, 10), 
('a', 10, 0, 8), ('a', 10, 1, 4), ('a', 10, 2, 1), ('a', 10, 3, 2), 
('a', 10, 4, 5), ('a', 10, 5, 6), ('a', 10, 6, 3), ('a', 10, 7, 9), 
('a', 10, 8, 7), ('a', 10, 9, 0), ('a', 11, 0, 0), ('a', 11, 1, 8),
('a', 11, 2, 6), ('a', 11, 3, 3), ('a', 11, 4, 4), ('a', 11, 5, 7), 
('a', 11, 6, 2), ('a', 11, 7, 1), ('a', 11, 8, 9), ('a', 11, 9, 5) 

('s', 0, 4),
('s', 1, 4), 
('s', 2, 6), 
('s', 3, 6), 
('s', 4, 5), 
('s', 5, 2), 
('s', 6, 2), 
('s', 7, 6), 
('s', 8, 5), 
('s', 9, 4), 
('s', 10, 2), 
('s', 11, 6)


FULL PRINTOUT: 
[('G', 0, 2), ('G', 0, 3), ('G', 0, 4), ('G', 0, 5), ('G', 0, 6), ('G', 0, 7), ('G', 0, 9), ('G', 0, 11), ('G', 1, 2), ('G', 1, 3), ('G', 1, 5), ('G', 1, 7), ('G', 1, 9), ('G', 1, 10), ('G', 1, 11), ('G', 2, 0), ('G', 2, 1), ('G', 2, 4), ('G', 2, 5), ('G', 2, 6), ('G', 2, 8), ('G', 2, 10), ('G', 2, 11), ('G', 3, 0), ('G', 3, 1), ('G', 3, 4), ('G', 3, 5), ('G', 3, 7), ('G', 3, 8), ('G', 3, 9), ('G', 3, 10), ('G', 3, 11), ('G', 4, 0), ('G', 4, 2), ('G', 4, 3), ('G', 4, 6), ('G', 4, 7), ('G', 4, 8), ('G', 4, 9), ('G', 4, 10), ('G', 4, 11), ('G', 5, 0), ('G', 5, 1), ('G', 5, 2), ('G', 5, 3), ('G', 5, 6), ('G', 5, 7), ('G', 5, 8), ('G', 5, 9), ('G', 5, 10), ('G', 6, 0), ('G', 6, 2), ('G', 6, 4), ('G', 6, 5), ('G', 6, 8), ('G', 6, 9), ('G', 6, 11), ('G', 7, 0), ('G', 7, 1), ('G', 7, 3), ('G', 7, 4), ('G', 7, 5), ('G', 7, 8), ('G', 7, 10), ('G', 7, 11), ('G', 8, 2), ('G', 8, 3), ('G', 8, 4), ('G', 8, 5), ('G', 8, 6), ('G', 8, 7), ('G', 8, 10), ('G', 8, 11), ('G', 9, 0), ('G', 9, 1), ('G', 9, 3), ('G', 9, 4), ('G', 9, 5), ('G', 9, 6), ('G', 9, 11), ('G', 10, 1), ('G', 10, 2), ('G', 10, 3), ('G', 10, 4), ('G', 10, 5), ('G', 10, 7), ('G', 10, 8), ('G', 11, 0), ('G', 11, 1), ('G', 11, 2), ('G', 11, 3), ('G', 11, 4), ('G', 11, 6), ('G', 11, 7), ('G', 11, 8), ('G', 11, 9), ('H', 0, 8), ('H', 0, 10), ('H', 1, 4), ('H', 1, 6), ('H', 1, 8), ('H', 2, 7), ('H', 2, 9), ('H', 3, 6), ('H', 4, 1), ('H', 5, 11), ('H', 6, 1), ('H', 6, 3), ('H', 6, 10), ('H', 7, 2), ('H', 7, 9), ('H', 8, 0), ('H', 8, 1), ('H', 9, 2), ('H', 9, 7), ('H', 9, 10), ('H', 10, 0), ('H', 10, 6), ('H', 10, 9), ('H', 11, 5), ('a', 0, 0, 3), ('a', 0, 1, 4), ('a', 0, 2, 7), ('a', 0, 3, 5), ('a', 0, 4, 9), ('a', 0, 5, 11), ('a', 0, 6, 2), ('a', 0, 7, 10), ('a', 0, 8, 6), ('a', 0, 9, 8), ('a', 1, 0, 3), ('a', 1, 1, 9), ('a', 1, 2, 11), ('a', 1, 3, 5), ('a', 1, 4, 7), ('a', 1, 5, 2), ('a', 1, 6, 8), ('a', 1, 7, 10), ('a', 1, 8, 4), ('a', 1, 9, 6), ('a', 2, 0, 1), ('a', 2, 1, 6), ('a', 2, 2, 5), ('a', 2, 3, 10), ('a', 2, 4, 0), ('a', 2, 5, 4), ('a', 2, 6, 8), ('a', 2, 7, 9), ('a', 2, 8, 11), ('a', 2, 9, 7), ('a', 3, 0, 0), ('a', 3, 1, 7), ('a', 3, 2, 8), ('a', 3, 3, 5), ('a', 3, 4, 9), ('a', 3, 5, 1), ('a', 3, 6, 10), ('a', 3, 7, 4), ('a', 3, 8, 11), ('a', 3, 9, 6), ('a', 4, 0, 6), ('a', 4, 1, 9), ('a', 4, 2, 10), ('a', 4, 3, 7), ('a', 4, 4, 11), ('a', 4, 5, 3), ('a', 4, 6, 2), ('a', 4, 7, 0), ('a', 4, 8, 8), ('a', 4, 9, 1), ('a', 5, 0, 2), ('a', 5, 1, 6), ('a', 5, 2, 10), ('a', 5, 3, 9), ('a', 5, 4, 0), ('a', 5, 5, 7), ('a', 5, 6, 1), ('a', 5, 7, 3), ('a', 5, 8, 8), ('a', 5, 9, 11), ('a', 6, 0, 0), ('a', 6, 1, 11), ('a', 6, 2, 8), ('a', 6, 3, 10), ('a', 6, 4, 5), ('a', 6, 5, 2), ('a', 6, 6, 9), ('a', 6, 7, 1), ('a', 6, 8, 4), ('a', 6, 9, 3), ('a', 7, 0, 8), ('a', 7, 1, 3), ('a', 7, 2, 1), ('a', 7, 3, 5), ('a', 7, 4, 0), ('a', 7, 5, 4), ('a', 7, 6, 10), ('a', 7, 7, 2), ('a', 7, 8, 11), ('a', 7, 9, 9), ('a', 8, 0, 3), ('a', 8, 1, 7), ('a', 8, 2, 10), ('a', 8, 3, 2), ('a', 8, 4, 11), ('a', 8, 5, 5), ('a', 8, 6, 4), ('a', 8, 7, 0), ('a', 8, 8, 6), ('a', 8, 9, 1), ('a', 9, 0, 1), ('a', 9, 1, 3), ('a', 9, 2, 0), ('a', 9, 3, 5), ('a', 9, 4, 11), ('a', 9, 5, 4), ('a', 9, 6, 6), ('a', 9, 7, 2), ('a', 9, 8, 7), ('a', 9, 9, 10), ('a', 10, 0, 8), ('a', 10, 1, 4), ('a', 10, 2, 1), ('a', 10, 3, 2), ('a', 10, 4, 5), ('a', 10, 5, 6), ('a', 10, 6, 3), ('a', 10, 7, 9), ('a', 10, 8, 7), ('a', 10, 9, 0), ('a', 11, 0, 0), ('a', 11, 1, 8), ('a', 11, 2, 6), ('a', 11, 3, 3), ('a', 11, 4, 4), ('a', 11, 5, 7), ('a', 11, 6, 2), ('a', 11, 7, 1), ('a', 11, 8, 9), ('a', 11, 9, 5), ('gl', 0, 3, 10), ('gl', 0, 4, 7), ('gl', 0, 5, 9), ('gl', 0, 6, 8), ('gl', 0, 7, 5), ('gl', 0, 8, 4), ('gl', 0, 9, 3), ('gl', 0, 10, 6), ('gl', 0, 11, 2), ('gl', 1, 2, 8), ('gl', 1, 3, 5), ('gl', 1, 4, 6), ('gl', 1, 5, 7), ('gl', 1, 6, 9), ('gl', 1, 7, 3), ('gl', 1, 8, 10), ('gl', 1, 9, 11), ('gl', 1, 10, 4), ('gl', 2, 0, 11), ('gl', 2, 4, 8), ('gl', 2, 5, 10), ('gl', 2, 6, 5), ('gl', 2, 8, 1), ('gl', 2, 9, 6), ('gl', 2, 11, 7), ('gl', 3, 0, 9), ('gl', 3, 1, 7), ('gl', 3, 4, 11), ('gl', 3, 5, 1), ('gl', 3, 6, 4), ('gl', 3, 8, 5), ('gl', 3, 9, 10), ('gl', 3, 10, 0), ('gl', 3, 11, 6), ('gl', 4, 0, 8), ('gl', 4, 1, 10), ('gl', 4, 3, 6), ('gl', 4, 6, 1), ('gl', 4, 7, 0), ('gl', 4, 8, 2), ('gl', 4, 10, 7), ('gl', 4, 11, 3), ('gl', 5, 0, 7), ('gl', 5, 1, 3), ('gl', 5, 2, 6), ('gl', 5, 3, 8), ('gl', 5, 7, 1), ('gl', 5, 8, 11), ('gl', 5, 9, 0), ('gl', 5, 10, 2), ('gl', 6, 0, 10), ('gl', 6, 1, 4), ('gl', 6, 2, 9), ('gl', 6, 3, 11), ('gl', 6, 4, 3), ('gl', 6, 5, 2), ('gl', 6, 8, 0), ('gl', 6, 9, 1), ('gl', 6, 11, 8), ('gl', 7, 0, 4), ('gl', 7, 1, 5), ('gl', 7, 2, 11), ('gl', 7, 3, 1), ('gl', 7, 4, 10), ('gl', 7, 5, 0), ('gl', 7, 10, 8), ('gl', 7, 11, 9), ('gl', 8, 0, 6), ('gl', 8, 1, 2), ('gl', 8, 2, 4), ('gl', 8, 4, 0), ('gl', 8, 5, 3), ('gl', 8, 6, 11), ('gl', 8, 7, 10), ('gl', 8, 10, 1), ('gl', 8, 11, 5), ('gl', 9, 0, 5), ('gl', 9, 1, 6), ('gl', 9, 3, 0), ('gl', 9, 6, 2), ('gl', 9, 7, 11), ('gl', 9, 10, 3), ('gl', 9, 11, 1), ('gl', 10, 0, 3), ('gl', 10, 1, 8), ('gl', 10, 2, 5), ('gl', 10, 3, 9), ('gl', 10, 4, 1), ('gl', 10, 6, 0), ('gl', 10, 7, 4), ('gl', 10, 8, 7), ('gl', 11, 1, 9), ('gl', 11, 2, 0), ('gl', 11, 3, 4), ('gl', 11, 5, 8), ('gl', 11, 6, 3), ('gl', 11, 7, 2), ('gl', 11, 8, 6), ('gl', 11, 9, 7), ('hl', 0, 2, 10), ('hl', 0, 3, 4), ('hl', 0, 4, 2), ('hl', 0, 6, 5), ('hl', 0, 7, 3), ('hl', 0, 8, 11), ('hl', 0, 10, 7), ('hl', 0, 11, 6), ('hl', 1, 2, 4), ('hl', 1, 3, 9), ('hl', 1, 4, 8), ('hl', 1, 6, 2), ('hl', 1, 8, 6), ('hl', 1, 10, 3), ('hl', 1, 11, 5), ('hl', 2, 0, 4), ('hl', 2, 1, 6), ('hl', 2, 4, 1), ('hl', 2, 7, 9), ('hl', 2, 8, 10), ('hl', 2, 9, 11), ('hl', 2, 10, 0), ('hl', 2, 11, 8), ('hl', 3, 0, 7), ('hl', 3, 1, 10), ('hl', 3, 4, 0), ('hl', 3, 5, 9), ('hl', 3, 6, 4), ('hl', 3, 7, 8), ('hl', 3, 9, 1), ('hl', 3, 10, 6), ('hl', 4, 0, 3), ('hl', 4, 1, 2), ('hl', 4, 2, 0), ('hl', 4, 3, 6), ('hl', 4, 6, 9), ('hl', 4, 7, 11), ('hl', 4, 8, 1), ('hl', 4, 9, 10), ('hl', 4, 10, 8), ('hl', 5, 0, 6), ('hl', 5, 1, 11), ('hl', 5, 6, 10), ('hl', 5, 9, 3), ('hl', 5, 11, 9), ('hl', 6, 0, 11), ('hl', 6, 1, 8), ('hl', 6, 2, 1), ('hl', 6, 3, 10), ('hl', 6, 4, 3), ('hl', 6, 5, 0), ('hl', 6, 9, 4), ('hl', 6, 10, 5), ('hl', 7, 0, 10), ('hl', 7, 3, 0), ('hl', 7, 8, 3), ('hl', 7, 9, 2), ('hl', 7, 10, 9), ('hl', 7, 11, 4), ('hl', 8, 1, 4), ('hl', 8, 2, 11), ('hl', 8, 3, 7), ('hl', 8, 4, 10), ('hl', 8, 6, 1), ('hl', 8, 10, 2), ('hl', 8, 11, 0), ('hl', 9, 1, 3), ('hl', 9, 2, 7), ('hl', 9, 3, 5), ('hl', 9, 4, 6), ('hl', 9, 5, 11), ('hl', 9, 7, 10), ('hl', 9, 10, 4), ('hl', 9, 11, 2), ('hl', 10, 0, 2), ('hl', 10, 2, 8), ('hl', 10, 3, 1), ('hl', 10, 4, 9), ('hl', 10, 5, 6), ('hl', 10, 6, 3), ('hl', 10, 7, 0), ('hl', 10, 8, 4), ('hl', 10, 9, 7), ('hl', 11, 0, 8), ('hl', 11, 2, 9), ('hl', 11, 4, 7), ('hl', 11, 5, 1), ('hl', 11, 6, 0), ('hl', 11, 8, 2), ('hl', 11, 9, 5), ('s', 0, 4), ('s', 1, 4), ('s', 2, 6), ('s', 3, 6), ('s', 4, 5), ('s', 5, 2), ('s', 6, 2), ('s', 7, 6), ('s', 8, 5), ('s', 9, 4), ('s', 10, 2), ('s', 11, 6)]
